11111111111111111111111111111111111111111111
100000000100000001000010001
101101110001111100011000101
100100001110000001100011101111
1100111010001111100011000100001
10010000100100000011000111111001
110010110010111111000110000001001
100100100100110001010000111100101
101001010210000110001110100011001
101012001100111000100100001000101
1010011000010000100100110101101011
100100011110010101001001000000100011
1100110000001000010111000111110010001
1000001110111010100100010000000100101
1011100010001010011001011111010001001
10100010111011010000100100010011100111110111
10010100100100011101000001000100010000000001
11010111001101100011111111111001011111110101
10010001000000001000000000000010000000000101
10111111111111111111111111111111111111111101
10000000000000000000000000000000000000000001
11111111111111111111111111111111111111111111
